$ 1 5.0E-6 23.47059216675035 63 5.0 43
r 496 160 544 160 0 10000.0
r 448 192 448 240 0 20000.0
S 448 240 448 288 0 0 false 0
w 432 528 432 288 0
w 464 464 464 288 0
w 448 192 448 160 0
w 496 160 448 160 0
w 592 160 544 160 0
w 544 192 544 160 0
w 560 464 560 288 0
w 528 528 528 288 0
S 544 240 544 288 0 1 false 0
r 544 192 544 240 0 20000.0
r 592 160 640 160 0 10000.0
r 784 160 832 160 0 10000.0
r 736 192 736 240 0 20000.0
S 736 240 736 288 0 1 false 0
w 720 528 720 288 0
w 752 464 752 288 0
w 736 192 736 160 0
w 784 160 736 160 0
w 688 160 640 160 0
w 640 192 640 160 0
w 656 464 656 304 0
w 624 528 624 304 0
S 640 240 640 304 0 1 false 0
r 640 192 640 240 0 20000.0
r 688 160 736 160 0 10000.0
r 976 160 1024 160 0 10000.0
r 928 192 928 240 0 20000.0
S 928 240 928 288 0 1 false 0
w 912 528 912 288 0
w 944 464 944 288 0
w 928 192 928 160 0
w 976 160 928 160 0
w 880 160 832 160 0
w 832 192 832 160 0
w 848 464 848 288 0
w 816 528 816 288 0
S 832 240 832 288 0 1 false 0
r 832 192 832 240 0 20000.0
r 880 160 928 160 0 10000.0
r 1168 160 1216 160 0 10000.0
r 1120 192 1120 240 0 20000.0
S 1120 240 1120 288 0 1 false 0
w 1104 528 1104 288 0
w 1136 464 1136 288 0
w 1120 192 1120 160 0
w 1168 160 1120 160 0
w 1072 160 1024 160 0
w 1024 192 1024 160 0
w 1040 464 1040 288 0
w 1008 528 1008 288 0
S 1024 240 1024 288 0 1 false 0
r 1024 192 1024 240 0 20000.0
r 1072 160 1120 160 0 10000.0
w 432 528 528 528 0
w 1216 160 1216 464 0
w 1216 464 1216 592 0
g 1104 592 1104 608 0
v 1104 592 1104 528 0 0 40.0 5.0 0.0 0.0 0.5
w 1104 592 1216 592 0
w 448 160 320 160 0
w 464 464 560 464 0
w 560 464 656 464 0
w 656 464 752 464 0
w 752 464 848 464 0
w 848 464 944 464 0
w 944 464 1040 464 0
w 1040 464 1136 464 0
w 1136 464 1216 464 0
w 528 528 624 528 0
w 624 528 720 528 0
w 720 528 816 528 0
w 816 528 912 528 0
w 912 528 1008 528 0
w 1008 528 1104 528 0
w 464 464 320 464 0
p 320 160 320 464 1
o 78 64 0 34 5.0 9.765625E-5 0 -1
